Info lecture : 
1. matrice de confusion
- Lignes = vraies classes (ground truth)
- Colonnes = classes prédites

Run user independant dom 1 (norm, PCA(3), compress)
    3       1            0.305  0.092406
            3            0.307  0.104992
            5            0.301  0.110398
            7            0.321  0.102572
    5       1            0.445  0.129636
            3            0.464  0.149755
            5            0.435  0.125543
            7            0.440  0.125610
    7       1            0.462  0.147030
            3            0.484  0.142064
            5            0.476  0.135663
            7            0.490  0.142751
    9          1            0.486  0.198450
            3            0.487  0.197205
            5            0.483  0.195280
            7            0.457  0.205050
    11         1            0.471  0.198743
            3            0.474  0.218184
            5            0.493  0.227647
            7            0.476  0.207268
    12         1            0.544  0.168206
            3            0.533  0.178951
            5            0.540  0.189326
            7            0.526  0.193000
    13         1            0.559  0.173746
            3            0.536  0.185604
            5            0.550  0.188915
            7            0.546  0.182282
    15         1            0.559  0.159196
            3            0.537  0.165801
            5            0.543  0.183972
            7            0.558  0.178064
    17         1            0.559  0.187110
            3            0.542  0.204657
            5            0.556  0.200566
            7            0.561  0.208457
    19         1            0.554  0.178649
            3            0.561  0.170714
            5            0.566  0.153926
            7            0.577  0.158958
    21         1            0.549  0.143948
            3            0.551  0.148956
            5            0.541  0.179348
            7            0.551  0.174130
    23         1            0.544  0.169980
            3            0.534  0.174814
            5            0.515  0.190278
            7            0.528  0.187130
    25         1            0.500  0.160069
            3            0.492  0.171969
            5            0.503  0.196641
            7            0.489  0.193990
    Best config: (np.int64(19), np.int64(7))
    0  1  2  3  4  5  6  7  8  9
    0 [42  9 10  2  8  2  9  6 12  0]
    1 [ 1 63 20  1  1  1  0 11  2  0]
    2 [ 3 25 44  0  0  5  0 20  2  1]
    3 [ 4  5  8 57  2  6  0 18  0  0]
    4 [11  6  2  0 42 12  5  3  3 16]
    5 [ 2  4  4  5  0 66  4  4  2  9]
    6 [ 5  8  0  1  0  6 73  0  2  5]
    7 [ 2  4 13 11  1  0  0 65  4  0]
    8 [ 4  3 10  4  1 11  1  4 60  2]
    9 [ 2  0  2  6  3 11  2  7  2 65]

Run user independant dom 1 (norm, compress)
                            mean       std
    n_clusters k_neighbors                 
    15         1            0.559  0.159196
            3            0.537  0.165801
            5            0.543  0.183972
            7            0.558  0.178064
    17         1            0.559  0.187110
            3            0.542  0.204657
            5            0.556  0.200566
            7            0.561  0.208457
    19         1            0.554  0.178649
            3            0.561  0.170714
            5            0.566  0.153926
            7            0.577  0.158958
    21         1            0.549  0.143948
            3            0.551  0.148956
            5            0.541  0.179348
            7            0.551  0.174130
    Best config: (np.int64(19), np.int64(7))
    [42  9 10  2  8  2  9  6 12  0]
    [ 1 63 20  1  1  1  0 11  2  0]
    [ 3 25 44  0  0  5  0 20  2  1]
    [ 4  5  8 57  2  6  0 18  0  0]
    [11  6  2  0 42 12  5  3  3 16]
    [ 2  4  4  5  0 66  4  4  2  9]
    [ 5  8  0  1  0  6 73  0  2  5]
    [ 2  4 13 11  1  0  0 65  4  0]
    [ 4  3 10  4  1 11  1  4 60  2]
    [ 2  0  2  6  3 11  2  7  2 65]
    => pas de changements avec ou sans PCA

Run User independant dom 1 (nom, PCA(2), compress)
                            mean       std
    n_clusters k_neighbors                 
    11         1            0.616  0.153348
            3            0.603  0.169316
            5            0.583  0.182334
            7            0.573  0.188800
    13         1            0.634  0.184041
            3            0.610  0.185053
            5            0.585  0.180015
            7            0.581  0.192553
    15         1            0.611  0.184538
            3            0.610  0.178139
            5            0.595  0.193807
            7            0.603  0.196641
    17         1            0.623  0.187915
            3            0.625  0.191500
            5            0.601  0.202948
            7            0.604  0.191265
    Best config: (np.int64(13), np.int64(1))
    [43  5  5  4  8 21 11  0  2  1]
    [ 2 61 15  1  4  2  1 14  0  0]
    [ 0 27 49  0  0  6  1 17  0  0]
    [ 2  4  4 68  1  9  1 11  0  0]
    [ 0  0  0  0 83 13  1  0  1  2]
    [ 0  5  1 15  1 68  0  2  0  8]
    [ 9  3  4  0  0  5 77  0  2  0]
    [ 1  7 10  5  1  3  0 73  0  0]
    [ 4  6  1  9  4 15  7  4 46  4]
    [ 1  2  0  2  4 18  2  5  0 66]

    => amélioration avec la PCA à 2 

Run user dependant dom 1 (norm, PCA(3), compress)
                            mean       std
    n_clusters k_neighbors                 
    7          1            0.596  0.047656
            3            0.594  0.051897
            5            0.587  0.060378
            7            0.595  0.056618
    9          1            0.710  0.041366
            3            0.739  0.041753
            5            0.728  0.049171
            7            0.735  0.054620
    11         1            0.787  0.044485
            3            0.796  0.068183
            5            0.807  0.057937
            7            0.803  0.057937
    13         1            0.815  0.029155
            3            0.843  0.022632
            5            0.838  0.030840
            7            0.818  0.033599
    15         1            0.854  0.070585
            3            0.851  0.076804
            5            0.842  0.064256
            7            0.833  0.055187
    17         1            0.881  0.041753
            3            0.886  0.049035
            5            0.864  0.058538
            7            0.850  0.052068
    19         1            0.880  0.056765
            3            0.878  0.067462
            5            0.864  0.070899
            7            0.868  0.053292
    21         1            0.879  0.062973
            3            0.877  0.076165
            5            0.872  0.072234
            7            0.851  0.067897
    Best config: (np.int64(17), np.int64(3))
    0  1  2  3  4  5  6  7  8  9
    0 [91  1  2  0  1  0  4  0  1  0]
    1 [ 9 78 11  0  0  1  1  0  0  0]
    2 [ 2 19 77  0  0  0  0  2  0  0]
    3 [ 0  1  3 90  0  0  0  6  0  0]
    4 [ 0  1  0  0 98  0  0  1  0  0]
    5 [ 1  1  1  3  0 88  3  2  0  1]
    6 [ 2  0  0  0  0  1 96  0  0  1]
    7 [ 1  0  2  3  1  4  0 89  0  0]
    8 [ 0  1  2  3  1  0  1  1 91  0]
    9 [ 1  1  0  0  0  5  0  5  0 88]

Run User dependant dom 1 (norm, compress)
                            mean       std
    n_clusters k_neighbors                 
    15         1            0.854  0.070585
            3            0.851  0.076804
            5            0.842  0.064256
            7            0.833  0.055187
    17         1            0.881  0.041753
            3            0.886  0.049035
            5            0.864  0.058538
            7            0.850  0.052068
    19         1            0.880  0.056765
            3            0.878  0.067462
            5            0.864  0.070899
            7            0.868  0.053292
    21         1            0.879  0.062973
            3            0.877  0.076165
            5            0.872  0.072234
            7            0.851  0.067897
    Best config: (np.int64(17), np.int64(3))
    [[91  1  2  0  1  0  4  0  1  0]
    [ 9 78 11  0  0  1  1  0  0  0]
    [ 2 19 77  0  0  0  0  2  0  0]
    [ 0  1  3 90  0  0  0  6  0  0]
    [ 0  1  0  0 98  0  0  1  0  0]
    [ 1  1  1  3  0 88  3  2  0  1]
    [ 2  0  0  0  0  1 96  0  0  1]
    [ 1  0  2  3  1  4  0 89  0  0]
    [ 0  1  2  3  1  0  1  1 91  0]
    [ 1  1  0  0  0  5  0  5  0 88]]

    Pas de changement entre PCA et non PCA

Run User dependant dom 1 (norm, PCA(2) compress)
                            mean       std
    n_clusters k_neighbors                 
    11         1            0.856  0.049486
            3            0.853  0.043474
            5            0.848  0.039101
            7            0.854  0.046236
    13         1            0.864  0.043512
            3            0.860  0.038006
            5            0.855  0.041433
            7            0.854  0.047422
    15         1            0.864  0.049486
            3            0.864  0.072142
            5            0.857  0.057164
            7            0.850  0.057155
    17         1            0.893  0.049677
            3            0.876  0.059666
            5            0.873  0.062902
            7            0.864  0.065524
    19         1            0.900  0.043716
            3            0.903  0.040291
            5            0.898  0.040497
            7            0.889  0.037550
    21        1            0.902  0.049396
            3            0.919  0.049318
            5            0.904  0.046714
            7            0.887  0.065328
    23         1            0.914  0.048120
           3            0.915  0.048132
           5            0.907  0.049227
           7            0.890  0.046428
    Best config: (np.int64(21), np.int64(3))
    [[95  2  0  1  0  0  2  0  0  0]
    [ 1 84 14  0  1  0  0  0  0  0]
    [ 0 12 86  0  0  0  0  2  0  0]
    [ 0  1  0 94  0  2  0  3  0  0]
    [ 1  0  0  0 96  0  0  0  1  2]
    [ 0  1  1  3  0 92  1  2  0  0]
    [ 5  0  0  0  0  1 94  0  0  0]
    [ 0  1  3  2  1  0  0 93  0  0]
    [ 0  0  0  0  0  4  2  0 94  0]
    [ 0  1  0  1  0  4  0  3  0 91]]

=> amélioartion avec la PCA à 2